PDB code 1bbd, limits survey results
------------------------------------------
[[105, 112, 126],
 [105, 113, 126],
 [105, 114, 126],
 [105, 115, 126],
 [106, 111, 126],
 [106, 113, 126],
 [106, 114, 126],
 [106, 115, 126],
 [107, 111, 126],
 [107, 112, 126],
 [107, 114, 126],
 [107, 115, 126],
 [108, 111, 133],
 [108, 112, 133],
 [108, 113, 126],
 [108, 115, 126],
 [109, 111, 133],
 [109, 112, 133],
 [109, 113, 133],
 [109, 114, 126],
 [107, 113, 126]]
PDB code 7fab, limits survey results
------------------------------------------
[[105, 112, 234],
 [105, 113, 240],
 [105, 114, 240],
 [105, 115, 237],
 [106, 111, 234],
 [106, 113, 234],
 [106, 114, 240],
 [106, 115, 240],
 [107, 111, 235],
 [107, 112, 234],
 [107, 114, 234],
 [107, 115, 240],
 [108, 111, 235],
 [108, 112, 235],
 [108, 113, 234],
 [108, 115, 234],
 [109, 111, 235],
 [109, 112, 235],
 [109, 113, 235],
 [109, 114, 234],
 [107, 113, 235]]
PDB code 1dba, limits survey results
------------------------------------------
[[105, 112, 187],
 [105, 113, 187],
 [105, 114, 187],
 [105, 115, 187],
 [106, 111, 187],
 [106, 113, 187],
 [106, 114, 190],
 [106, 115, 187],
 [107, 111, 187],
 [107, 112, 187],
 [107, 114, 187],
 [107, 115, 187],
 [108, 111, 196],
 [108, 112, 187],
 [108, 113, 180],
 [108, 115, 187],
 [109, 111, 185],
 [109, 112, 192],
 [109, 113, 187],
 [109, 114, 187],
 [107, 113, 187]]
PDB code 1plg, limits survey results
------------------------------------------
[[105, 112, 187],
 [105, 113, 187],
 [105, 114, 187],
 [105, 115, 187],
 [106, 111, 187],
 [106, 113, 187],
 [106, 114, 187],
 [106, 115, 187],
 [107, 111, 187],
 [107, 112, 187],
 [107, 114, 187],
 [107, 115, 187],
 [108, 111, 195],
 [108, 112, 187],
 [108, 113, 187],
 [108, 115, 187],
 [109, 111, 195],
 [109, 112, 195],
 [109, 113, 187],
 [109, 114, 187],
 [107, 113, 187]]
PDB code 1nl0, limits survey results
------------------------------------------
[[105, 112, 213],
 [105, 113, 213],
 [105, 114, 213],
 [105, 115, 213],
 [106, 111, 213],
 [106, 113, 213],
 [106, 114, 213],
 [106, 115, 213],
 [107, 111, 209],
 [107, 112, 213],
 [107, 114, 213],
 [107, 115, 213],
 [108, 111, 209],
 [108, 112, 209],
 [108, 113, 213],
 [108, 115, 213],
 [109, 111, 209],
 [109, 112, 209],
 [109, 113, 209],
 [109, 114, 213],
 [107, 113, 213]]
